200	4	30
2	2	1	
1	2	1	15	3	5	A	1	
2	1	1	10	2	4	B	2
3	0	1	20	4	3	C	2	
4	1	1	15	2	3	D	1
5	1	1	18	10	2	A	2
6	1	1	19	11	5	A	3
7	2	1	10	12	4	A	4
8	0	2	20	10	5	A	2
9	2	2	12	12	3	D	1
10	2	2	11	19	2	D	1
11	0	2	10	18	2	D	2
12	1	2	29	17	2	D	3
13	2	3	10	16	4	A	4
14	2	3	10	15	5	B	3
15	0	3	10	14	2	B	2
16	1	3	10	12	4	B	1
17	1	3	10	11	4	B	1
18	2	3	20	12	2	C	1
19	0	4	15	16	1	C	4
20	1	4	10	4	4	C	3
21	2	4	10	3	2	C	1
22	2	4	18	1	5	A	2
23	0	4	23	3	3	B	3
24	1	4	9	16	2	B	2
25	0	4	11	11	2	B	1
26	2	5	12	2	2	D	8	
27	2	5	13	3	1	A	9
28	0	5	12	4	4	A	10
29	1	6	11	6	2	B	1
30	1	6	11	4	2	D	3
31	2	7	27	5	1	A	2
32	2	7	22	12	1	C	1
33	0	8	11	3	5	C	11
34	0	8	33	12	3	B	13
35	1	8	6	11	1	B	9
36	2	8	11	10	3	A	1
37	2	8	22	22	3	B	7
38	0	8	10	2	2	B	6
39	1	9	11	1	2	B	5
40	2	10	21	4	5	B	4
41	1	10	11	7	5	A	5
42	1	11	32	8	5	A	5
43	1	12	11	9	5	C	5	
44	1	12	32	4	4	C	3
45	1	12	11	5	3	C	2
46	2	13	12	7	3	C	6
47	2	13	12	8	3	C	3
48	0	14	15	3	3	D	1
49	1	14	11	12	2	D	5
50	1	14	22	10	2	D	6
-1	